[[718, 462], [664, 396], [664, 396], [252, 395], [68, 389], [386, 283], [386, 283], [227, 238], [227, 238], [655, 226], [655, 226], [168, 157], [167, 156], [303, 156], [695, 151], [695, 151], [334, 128], [334, 128], [28, 53], [28, 53], [19, 19], [19, 19], [225, 5], [225, 5]],(14, 283, 2)
{(19, 19), (252, 395), (655, 226), (68, 389), (695, 151), (303, 156), (28, 53), (225, 5), (168, 157), (334, 128), (664, 396), (167, 156), (386, 283), (718, 462), (227, 238)},(14, 283, 2)
{(19, 19), (252, 395), (655, 226), (68, 389), (695, 151), (303, 156), (28, 53), (225, 5), (168, 157), (334, 128), (664, 396), (167, 156), (386, 283), (718, 462), (227, 238)},(14, 283, 2)
{(19, 19), (252, 395), (655, 226), (68, 389), (695, 151), (303, 156), (28, 53), (225, 5), (168, 157), (334, 128), (664, 396), (167, 156), (386, 283), (718, 462), (227, 238)},(14, 283, 2)
{(19, 19), (252, 395), (655, 226), (68, 389), (695, 151), (303, 156), (28, 53), (225, 5), (168, 157), (334, 128), (664, 396), (167, 156), (386, 283), (718, 462), (227, 238)},(14, 283, 2)
{(19, 19), (252, 395), (655, 226), (68, 389), (695, 151), (303, 156), (28, 53), (225, 5), (168, 157), (334, 128), (664, 396), (167, 156), (386, 283), (718, 462), (227, 238)},(14, 283, 2)
{(19, 19), (252, 395), (655, 226), (68, 389), (695, 151), (303, 156), (28, 53), (225, 5), (168, 157), (334, 128), (664, 396), (167, 156), (386, 283), (718, 462), (227, 238)},(14, 283, 2)
11-06-2020 21:10:38,(243, 604, 1),204,{(604, 242)}
11-06-2020 22:52:21,(38, 297, 1),158,{(297, 38)}
11-06-2020 22:58:35,(187, 212, 1),97,{(212, 187)}
12-06-2020 00:33:42,(35, 418, 1),202,{(417, 35)}
